-1.0000, 0.0000, 1.0000, 0.0000, 1.0000, 0.0000, -1.0000
_
-1.0000, 0.0000, 1.0000, 0.0000, 1.0000, 0.0000, -1.0000
_
-1.0000, 0.0000, 1.0000, 0.0000, 1.0000, 0.0000, -1.0000
_
-1.0000, 0.0000, 1.0000, 0.0000, 1.0000, 0.0000, -1.0000
_
290.0000, 0.0000, 1.0000, 0.0000, 1.0000, 0.0000, -1.0000
_
291.0000, 0.0000, 1.0000, 0.0000, 1.0000, 0.0000, -1.0000
_
292.0000, 0.0000, 1.0000, 0.0000, 1.0000, 0.0000, -1.0000
_
293.0000, 0.0000, 1.0000, 0.0000, 1.0000, 0.0000, -1.0000
_
294.0000, 0.0000, 1.0000, 0.0000, 1.0000, 0.0000, -1.0000
_
295.0000, 0.0000, 1.0000, 0.0000, 1.0000, 0.0000, -1.0000
_
296.0000, 0.0000, 1.0000, 0.0000, 1.0000, 0.0000, -1.0000
_
297.0000, 0.0000, 1.0000, 0.0000, 1.0000, 0.0000, -1.0000
_
298.0000, 0.0000, 1.0000, 0.0000, 1.0000, 0.0000, -1.0000
_
299.0000, 0.0000, 1.0000, 0.0000, 1.0000, 0.0000, -1.0000
_
300.0000, 0.0000, 1.0000, 0.0000, 1.0000, 0.0000, -1.0000
_
301.0000, 0.0000, 1.0000, 0.0000, 1.0000, 0.0000, -1.0000
_
302.0000, 0.0000, 1.0000, 0.0000, 1.0000, 0.0000, -1.0000
_
303.0000, 0.0000, 1.0000, 0.0000, 1.0000, 0.0000, -1.0000
_
304.0000, 0.0000, 1.0000, 0.0000, 1.0000, 0.0000, -1.0000
_
305.0000, 0.0000, 1.0000, 0.0000, 1.0000, 0.0000, -1.0000
_
306.0000, 0.0000, 1.0000, 0.0000, 1.0000, 0.0000, -1.0000
_
307.0000, 0.0000, 1.0000, 0.0000, 1.0000, 0.0000, -1.0000
_
308.0000, 0.0000, 1.0000, 0.0000, 1.0000, 0.0000, -1.0000
_
309.0000, 0.0000, 1.0000, 0.0000, 1.0000, 0.0000, -1.0000
_
310.0000, 0.0000, 1.0000, 0.0000, 1.0000, 0.0000, -1.0000
_
311.0000, 0.0000, 1.0000, 0.0000, 1.0000, 0.0000, -1.0000
_
312.0000, 0.0000, 1.0000, 0.0000, 1.0000, 0.0000, -1.0000
_
313.0000, 0.0000, 1.0000, 0.0000, 1.0000, 0.0000, -1.0000
_
314.0000, 0.0000, 1.0000, 0.0000, 1.0000, 0.0000, -1.0000
_
315.0000, 0.0000, 1.0000, 0.0000, 1.0000, 0.0000, -1.0000
_
316.0000, 0.0000, 1.0000, 0.0000, 1.0000, 0.0000, -1.0000
_
317.0000, 0.0000, 1.0000, 0.0000, 1.0000, 0.0000, -1.0000
_
318.0000, 0.0000, 1.0000, 0.0000, 1.0000, 0.0000, -1.0000
_
319.0000, 0.0000, 1.0000, 0.0000, 1.0000, 0.0000, -1.0000
_
320.0000, 0.0000, 1.0000, 0.0000, 1.0000, 0.0000, -1.0000
_
321.0000, 0.0000, 1.0000, 0.0000, 1.0000, 0.0000, -1.0000
_
-1.0000, 0.0000, 1.0000, 0.0000, 1.0000, 0.0000, -1.0000
_
-1.0000, 0.0000, 1.0000, 0.0000, 1.0000, 0.0000, -1.0000
_
-1.0000, 0.0000, 1.0000, 0.0000, 1.0000, 0.0000, -1.0000
_
-1.0000, 0.0000, 1.0000, 0.0000, 1.0000, 0.0000, -1.0000
_
-1.0000, 0.0000, 1.0000, 0.0000, 1.0000, 0.0000, -1.0000
_
-1.0000, 0.0000, 1.0000, 0.0000, 1.0000, 0.0000, -1.0000
_
-1.0000, 0.0000, 1.0000, 0.0000, 1.0000, 0.0000, -1.0000
_
-1.0000, 0.0000, 1.0000, 0.0000, 1.0000, 0.0000, -1.0000
_
-1.0000, 0.0000, 1.0000, 0.0000, 1.0000, 0.0000, -1.0000
_
-1.0000, 0.0000, 1.0000, 0.0000, 1.0000, 0.0000, -1.0000
_
-1.0000, 0.0000, 1.0000, 0.0000, 1.0000, 0.0000, -1.0000
_
-1.0000, 0.0000, 1.0000, 0.0000, 1.0000, 0.0000, -1.0000
_
-1.0000, 0.0000, 1.0000, 0.0000, 1.0000, 0.0000, -1.0000
_
-1.0000, 0.0000, 1.0000, 0.0000, 1.0000, 0.0000, -1.0000
_
-1.0000, 0.0000, 1.0000, 0.0000, 1.0000, 0.0000, -1.0000
_
-1.0000, 0.0000, 1.0000, 0.0000, 1.0000, 0.0000, -1.0000
_
-1.0000, 0.0000, 1.0000, 0.0000, 1.0000, 0.0000, -1.0000
_
-1.0000, 0.0000, 1.0000, 0.0000, 1.0000, 0.0000, -1.0000
_
-1.0000, 0.0000, 1.0000, 0.0000, 1.0000, 0.0000, -1.0000
_
-1.0000, 0.0000, 1.0000, 0.0000, 1.0000, 0.0000, -1.0000
_
-1.0000, 0.0000, 1.0000, 0.0000, 1.0000, 0.0000, -1.0000
_
-1.0000, 0.0000, 1.0000, 0.0000, 1.0000, 0.0000, -1.0000
_
-1.0000, 0.0000, 1.0000, 0.0000, 1.0000, 0.0000, -1.0000
_
-1.0000, 0.0000, 1.0000, 0.0000, 1.0000, 0.0000, -1.0000
_
-1.0000, 0.0000, 1.0000, 0.0000, 1.0000, 0.0000, -1.0000
_
-1.0000, 0.0000, 1.0000, 0.0000, 1.0000, 0.0000, -1.0000
_
-1.0000, 0.0000, 1.0000, 0.0000, 1.0000, 0.0000, -1.0000
_
-1.0000, 0.0000, 1.0000, 0.0000, 1.0000, 0.0000, -1.0000
_
-1.0000, 0.0000, 1.0000, 0.0000, 1.0000, 0.0000, -1.0000
_
-1.0000, 0.0000, 1.0000, 0.0000, 1.0000, 0.0000, -1.0000
_
-1.0000, 0.0000, 1.0000, 0.0000, 1.0000, 0.0000, -1.0000
_
-1.0000, 0.0000, 1.0000, 0.0000, 1.0000, 0.0000, -1.0000
_
-1.0000, 0.0000, 1.0000, 0.0000, 1.0000, 0.0000, -1.0000
_
-1.0000, 0.0000, 1.0000, 0.0000, 1.0000, 0.0000, -1.0000
_
-1.0000, 0.0000, 1.0000, 0.0000, 1.0000, 0.0000, -1.0000
_
-1.0000, 0.0000, 1.0000, 0.0000, 1.0000, 0.0000, -1.0000
_
-1.0000, 0.0000, 1.0000, 0.0000, 1.0000, 0.0000, -1.0000
_
-1.0000, 0.0000, 1.0000, 0.0000, 1.0000, 0.0000, -1.0000
_
-1.0000, 0.0000, 1.0000, 0.0000, 1.0000, 0.0000, -1.0000
_
-1.0000, 0.0000, 1.0000, 0.0000, 1.0000, 0.0000, -1.0000
_
-1.0000, 0.0000, 1.0000, 0.0000, 1.0000, 0.0000, -1.0000
_
-1.0000, 0.0000, 1.0000, 0.0000, 1.0000, 0.0000, -1.0000
_
-1.0000, 0.0000, 1.0000, 0.0000, 1.0000, 0.0000, -1.0000
_
-1.0000, 0.0000, 1.0000, 0.0000, 1.0000, 0.0000, -1.0000
_
-1.0000, 0.0000, 1.0000, 0.0000, 1.0000, 0.0000, -1.0000
_
-1.0000, 0.0000, 1.0000, 0.0000, 1.0000, 0.0000, -1.0000
_
-1.0000, 0.0000, 1.0000, 0.0000, 1.0000, 0.0000, -1.0000
_
-1.0000, 0.0000, 1.0000, 0.0000, 1.0000, 0.0000, -1.0000
_
-1.0000, 0.0000, 1.0000, 0.0000, 1.0000, 0.0000, -1.0000
_
-1.0000, 0.0000, 1.0000, 0.0000, 1.0000, 0.0000, -1.0000
_
-1.0000, 0.0000, 1.0000, 0.0000, 1.0000, 0.0000, -1.0000
_
-1.0000, 0.0000, 1.0000, 0.0000, 1.0000, 0.0000, -1.0000
_
-1.0000, 0.0000, 1.0000, 0.0000, 1.0000, 0.0000, -1.0000
_
-1.0000, 0.0000, 1.0000, 0.0000, 1.0000, 0.0000, -1.0000
_
-1.0000, 0.0000, 1.0000, 0.0000, 1.0000, 0.0000, -1.0000
_
-1.0000, 0.0000, 1.0000, 0.0000, 1.0000, 0.0000, -1.0000
_
-1.0000, 0.0000, 1.0000, 0.0000, 1.0000, 0.0000, -1.0000
_
-1.0000, 0.0000, 1.0000, 0.0000, 1.0000, 0.0000, -1.0000
_
-1.0000, 0.0000, 1.0000, 0.0000, 1.0000, 0.0000, -1.0000
_
-1.0000, 0.0000, 1.0000, 0.0000, 1.0000, 0.0000, -1.0000
_
-1.0000, 0.0000, 1.0000, 0.0000, 1.0000, 0.0000, -1.0000
_
-1.0000, 0.0000, 1.0000, 0.0000, 1.0000, 0.0000, -1.0000
_
-1.0000, 0.0000, 1.0000, 0.0000, 1.0000, 0.0000, -1.0000
_
-1.0000, 0.0000, 1.0000, 0.0000, 1.0000, 0.0000, -1.0000
_
-1.0000, 0.0000, 1.0000, 0.0000, 1.0000, 0.0000, -1.0000
_
-1.0000, 0.0000, 1.0000, 0.0000, 1.0000, 0.0000, -1.0000
_
-1.0000, 0.0000, 1.0000, 0.0000, 1.0000, 0.0000, -1.0000
_
-1.0000, 0.0000, 1.0000, 0.0000, 1.0000, 0.0000, -1.0000
_
-1.0000, 0.0000, 1.0000, 0.0000, 1.0000, 0.0000, -1.0000
_
-1.0000, 0.0000, 1.0000, 0.0000, 1.0000, 0.0000, -1.0000
_
-1.0000, 0.0000, 1.0000, 0.0000, 1.0000, 0.0000, -1.0000
_
-1.0000, 0.0000, 1.0000, 0.0000, 1.0000, 0.0000, -1.0000
_
-1.0000, 0.0000, 1.0000, 0.0000, 1.0000, 0.0000, -1.0000
_
-1.0000, 0.0000, 1.0000, 0.0000, 1.0000, 0.0000, -1.0000
_
-1.0000, 0.0000, 1.0000, 0.0000, 1.0000, 0.0000, -1.0000
_
-1.0000, 0.0000, 1.0000, 0.0000, 1.0000, 0.0000, -1.0000
_
-1.0000, 0.0000, 1.0000, 0.0000, 1.0000, 0.0000, -1.0000
_
-1.0000, 0.0000, 1.0000, 0.0000, 1.0000, 0.0000, -1.0000
_
-1.0000, 0.0000, 1.0000, 0.0000, 1.0000, 0.0000, -1.0000
_
-1.0000, 0.0000, 1.0000, 0.0000, 1.0000, 0.0000, -1.0000
_
-1.0000, 0.0000, 1.0000, 0.0000, 1.0000, 0.0000, -1.0000
_
-1.0000, 0.0000, 1.0000, 0.0000, 1.0000, 0.0000, -1.0000
_
-1.0000, 0.0000, 1.0000, 0.0000, 1.0000, 0.0000, -1.0000
_
-1.0000, 0.0000, 1.0000, 0.0000, 1.0000, 0.0000, -1.0000
_
-1.0000, 0.0000, 1.0000, 0.0000, 1.0000, 0.0000, -1.0000
_
-1.0000, 0.0000, 1.0000, 0.0000, 1.0000, 0.0000, -1.0000
_
-1.0000, 0.0000, 1.0000, 0.0000, 1.0000, 0.0000, -1.0000
_
-1.0000, 0.0000, 1.0000, 0.0000, 1.0000, 0.0000, -1.0000
_
-1.0000, 0.0000, 1.0000, 0.0000, 1.0000, 0.0000, -1.0000
_
-1.0000, 0.0000, 1.0000, 0.0000, 1.0000, 0.0000, -1.0000
_
-1.0000, 0.0000, 1.0000, 0.0000, 1.0000, 0.0000, -1.0000
_
-1.0000, 0.0000, 1.0000, 0.0000, 1.0000, 0.0000, -1.0000
_
-1.0000, 0.0000, 1.0000, 0.0000, 1.0000, 0.0000, -1.0000
_
-1.0000, 0.0000, 1.0000, 0.0000, 1.0000, 0.0000, -1.0000
_
-1.0000, 0.0000, 1.0000, 0.0000, 1.0000, 0.0000, -1.0000
_
-1.0000, 0.0000, 1.0000, 0.0000, 1.0000, 0.0000, -1.0000
_
-1.0000, 0.0000, 1.0000, 0.0000, 1.0000, 0.0000, -1.0000
_
-1.0000, 0.0000, 1.0000, 0.0000, 1.0000, 0.0000, -1.0000
_
-1.0000, 0.0000, 1.0000, 0.0000, 1.0000, 0.0000, -1.0000
_
-1.0000, 0.0000, 1.0000, 0.0000, 1.0000, 0.0000, -1.0000
_
-1.0000, 0.0000, 1.0000, 0.0000, 1.0000, 0.0000, -1.0000
_
-1.0000, 0.0000, 1.0000, 0.0000, 1.0000, 0.0000, -1.0000
_
-1.0000, 0.0000, 1.0000, 0.0000, 1.0000, 0.0000, -1.0000
_
-1.0000, 0.0000, 1.0000, 0.0000, 1.0000, 0.0000, -1.0000
_
-1.0000, 0.0000, 1.0000, 0.0000, 1.0000, 0.0000, -1.0000
_
-1.0000, 0.0000, 1.0000, 0.0000, 1.0000, 0.0000, -1.0000
_
-1.0000, 0.0000, 1.0000, 0.0000, 1.0000, 0.0000, -1.0000
_
-1.0000, 0.0000, 1.0000, 0.0000, 1.0000, 0.0000, -1.0000
_
-1.0000, 0.0000, 1.0000, 0.0000, 1.0000, 0.0000, -1.0000
_
-1.0000, 0.0000, 1.0000, 0.0000, 1.0000, 0.0000, -1.0000
_
-1.0000, 0.0000, 1.0000, 0.0000, 1.0000, 0.0000, -1.0000
_
-1.0000, 0.0000, 1.0000, 0.0000, 1.0000, 0.0000, -1.0000
_
-1.0000, 0.0000, 1.0000, 0.0000, 1.0000, 0.0000, -1.0000
_
-1.0000, 0.0000, 1.0000, 0.0000, 1.0000, 0.0000, -1.0000
_
-1.0000, 0.0000, 1.0000, 0.0000, 1.0000, 0.0000, -1.0000
_
-1.0000, 0.0000, 1.0000, 0.0000, 1.0000, 0.0000, -1.0000
_
-1.0000, 0.0000, 1.0000, 0.0000, 1.0000, 0.0000, -1.0000
_
-1.0000, 0.0000, 1.0000, 0.0000, 1.0000, 0.0000, -1.0000
_
-1.0000, 0.0000, 1.0000, 0.0000, 1.0000, 0.0000, -1.0000
_
-1.0000, 0.0000, 1.0000, 0.0000, 1.0000, 0.0000, -1.0000
_
-1.0000, 0.0000, 1.0000, 0.0000, 1.0000, 0.0000, -1.0000
_
-1.0000, 0.0000, 1.0000, 0.0000, 1.0000, 0.0000, -1.0000
_
-1.0000, 0.0000, 1.0000, 0.0000, 1.0000, 0.0000, -1.0000
_
-1.0000, 0.0000, 1.0000, 0.0000, 1.0000, 0.0000, -1.0000
_
-1.0000, 0.0000, 1.0000, 0.0000, 1.0000, 0.0000, -1.0000
_
-1.0000, 0.0000, 1.0000, 0.0000, 1.0000, 0.0000, -1.0000
_
-1.0000, 0.0000, 1.0000, 0.0000, 1.0000, 0.0000, -1.0000
_
-1.0000, 0.0000, 1.0000, 0.0000, 1.0000, 0.0000, -1.0000
_
-1.0000, 0.0000, 1.0000, 0.0000, 1.0000, 0.0000, -1.0000
_
-1.0000, 0.0000, 1.0000, 0.0000, 1.0000, 0.0000, -1.0000
_
-1.0000, 0.0000, 1.0000, 0.0000, 1.0000, 0.0000, -1.0000
_
-1.0000, 0.0000, 1.0000, 0.0000, 1.0000, 0.0000, -1.0000
_
-1.0000, 0.0000, 1.0000, 0.0000, 1.0000, 0.0000, -1.0000
_
-1.0000, 0.0000, 1.0000, 0.0000, 1.0000, 0.0000, -1.0000
_
-1.0000, 0.0000, 1.0000, 0.0000, 1.0000, 0.0000, -1.0000
_
-1.0000, 0.0000, 1.0000, 0.0000, 1.0000, 0.0000, -1.0000
_
-1.0000, 0.0000, 1.0000, 0.0000, 1.0000, 0.0000, -1.0000
_
-1.0000, 0.0000, 1.0000, 0.0000, 1.0000, 0.0000, -1.0000
_
-1.0000, 0.0000, 1.0000, 0.0000, 1.0000, 0.0000, -1.0000
_
-1.0000, 0.0000, 1.0000, 0.0000, 1.0000, 0.0000, -1.0000
_
-1.0000, 0.0000, 1.0000, 0.0000, 1.0000, 0.0000, -1.0000
_
-1.0000, 0.0000, 1.0000, 0.0000, 1.0000, 0.0000, -1.0000
_
-1.0000, 0.0000, 1.0000, 0.0000, 1.0000, 0.0000, -1.0000
_
-1.0000, 0.0000, 1.0000, 0.0000, 1.0000, 0.0000, -1.0000